43,21
0,572
0,571
0,570
0,569
43,20
41,76
102,9
102,8
102,7
102,6
102,5
102,4
102,3
102,2
102,1
102,0
101,31
101,30
101,29
101,28
101,27
101,26
101,25
101,24
101,23
101,22
101,21
101,20
101,19
101,18
101,17
101,16
101,15
101,14
101,13
101,12
101,11
101,10
101,9
101,8
101,7
101,6
101,5
101,4
101,3
101,2
101,1
101,0
0,568
100,143
100,38
100,79
100,27
100,142
100,78
100,43
100,77
100,56
100,141
100,76
100,74
0,567
100,140
100,75
100,18
100,139
100,138
100,73
0,566
100,137
100,136
100,70
100,135
100,134
0,565
100,72
100,47
100,71
100,12
100,133
100,67
100,132
100,69
100,45
100,68
100,22
100,131
0,564
100,130
100,64
100,129
100,128
0,563
100,66
100,13
100,65
100,58
100,63
100,62
100,61
0,562
100,60
100,40
100,59
100,53
100,57
100,35
100,24
100,55
0,561
100,54
100,49
100,52
100,51
0,560
100,50
100,44
100,48
100,46
0,559
100,37
100,42
100,41
100,39
100,32
0,558
100,36
100,34
100,33
100,28
100,31
100,30
100,29
100,21
100,26
100,25
100,23
100,15
100,20
100,19
100,17
100,16
100,11
100,14
100,10
100,5
100,4
100,9
100,8
100,7
100,6
100,3
100,2
100,1
100,0
0,503
99,103
99,102
99,101
99,100
99,99
99,98
99,97
99,96
99,95
99,94
99,93
99,92
99,91
99,90
99,89
99,88
99,87
99,86
99,85
99,84
99,83
99,82
99,81
99,80
99,79
0,557
99,78
99,77
99,76
99,75
99,74
99,73
99,72
99,71
99,70
99,69
99,68
99,67
0,556
99,66
99,65
99,64
99,35
99,34
99,33
99,32
99,31
99,30
99,29
99,28
99,27
0,555
99,26
99,25
99,24
99,23
99,22
99,21
99,20
99,19
99,18
99,17
99,16
99,15
0,554
99,14
99,13
99,12
99,11
99,10
99,9
99,8
99,7
99,6
99,5
99,4
99,3
99,2
99,1
99,0
98,6
98,5
98,4
98,3
98,2
98,1
98,0
97,5
97,4
97,3
97,2
97,1
97,0
96,9
96,8
96,7
96,6
96,5
96,4
96,3
96,2
96,1
96,0
95,10
95,9
95,4
95,8
95,7
95,6
95,5
95,3
95,2
95,1
95,0
94,6
94,5
94,4
94,3
94,2
94,1
94,0
93,5
93,4
93,3
93,2
0,553
93,1
93,0
92,3
92,2
92,1
92,0
91,3
91,2
91,1
91,0
90,81
90,80
90,79
90,78
90,77
90,76
90,75
90,74
90,73
90,72
90,71
90,70
90,69
90,68
90,67
90,66
90,65
90,64
90,35
90,34
90,33
90,32
90,31
90,30
90,29
90,28
90,27
90,26
90,25
90,24
90,23
90,22
90,21
90,20
90,19
90,18
90,17
90,16
90,15
90,14
90,13
90,12
90,11
90,10
90,9
90,8
90,7
90,6
90,5
90,4
90,3
90,2
90,1
90,0
0,552
89,5
89,4
89,3
89,2
0,551
89,1
89,0
88,233
88,232
88,231
88,230
88,229
88,228
88,227
88,226
88,225
88,224
88,223
88,222
88,221
88,220
88,219
88,218
88,217
88,216
88,215
88,214
88,213
88,212
88,211
88,39
88,38
88,210
88,209
88,208
88,207
88,206
88,205
88,204
88,203
88,202
88,201
88,200
88,199
88,198
88,197
88,196
88,195
88,194
88,193
